# Shape: (128,)
11.362724
12.996080
11.421028
14.375656
13.286173
12.118742
11.148668
15.871719
12.083246
9.508230
10.906353
15.927513
14.047540
10.364393
14.320192
11.987777
12.573164
13.127655
10.403879
9.590809
9.153479
12.376509
14.884392
14.055533
12.078838
17.248653
13.251448
15.539548
13.040059
10.688385
15.483125
13.647782
12.725986
16.448860
9.127736
12.124855
11.165179
10.620934
15.926184
13.455172
11.775518
12.047188
11.068337
11.206563
13.164281
11.402581
13.971156
15.526243
14.639606
15.646104
14.623490
13.952856
15.385085
14.212383
11.920301
16.897991
16.488632
17.634464
13.713134
12.517367
15.700267
12.828127
17.579664
12.324736
19.796406
13.296330
9.666727
11.579473
10.204393
11.402829
11.463648
14.673113
10.349339
10.652087
19.906841
14.547510
13.184912
12.503867
14.067122
10.283597
9.962981
8.703077
11.472023
11.791756
10.795160
9.251477
12.048384
15.313971
12.483544
11.387808
11.795586
11.340604
11.343806
12.110317
18.462509
18.720112
18.158405
15.711379
14.183675
11.362552
17.885073
14.030757
11.037682
13.185341
15.075310
10.205905
10.949385
14.070957
13.349642
14.211324
12.323192
11.077950
11.971507
13.610802
14.869297
13.031237
17.821329
12.581695
15.485304
12.733115
12.251716
18.493683
10.474105
17.862589
13.501504
14.950499
14.319732
13.177143
