# Shape: (128,)
-0.427134
-0.429403
-0.420134
-0.390413
-0.338027
-0.366973
-0.436449
-0.484435
-0.480786
-0.336833
-0.279721
-0.532863
-0.171294
-0.257215
-0.441099
-0.396522
-0.356711
-0.287635
-0.397748
-0.532320
-0.529736
-0.309514
-0.470877
-0.500415
-0.345491
-0.447000
-0.401863
-0.154077
-0.401982
-0.324337
-0.355723
-0.248745
-0.390043
-0.177566
-0.507672
-0.395462
-0.262652
-0.402854
-0.157236
-0.363400
-0.346596
-0.263554
-0.317723
-0.570332
-0.482686
-0.236162
-0.412311
-0.266018
-0.484665
-0.307747
-0.563918
-0.295912
-0.217690
-0.320409
-0.456027
-0.343126
-0.325153
-0.338517
-0.305459
-0.312700
-0.108504
-0.322347
-0.280431
-0.181665
-0.231596
-0.231350
-0.538133
-0.309108
-0.346608
-0.372242
-0.304329
-0.240250
-0.352408
-0.247230
-0.302367
-0.481475
-0.248993
-0.473068
-0.328120
-0.442326
-0.487361
-0.498932
-0.213776
-0.427430
-0.422740
-0.465775
-0.348899
-0.216364
-0.271915
-0.456459
-0.414594
-0.360293
-0.453377
-0.372649
-0.329208
-0.171710
-0.355563
-0.281492
-0.433788
-0.301300
-0.382856
-0.365343
-0.338280
-0.383010
-0.385645
-0.257322
-0.471923
-0.292493
-0.234924
-0.219842
-0.264973
-0.298033
-0.324913
-0.364679
-0.327100
-0.287229
-0.308201
-0.538494
-0.425274
-0.281773
-0.453844
-0.253837
-0.499970
-0.377086
-0.359072
-0.189662
-0.035614
-0.205686
