# Shape: (128,)
-0.693084
-4.345454
2.465897
-3.449567
0.341756
-1.996820
1.006607
-3.764422
0.869795
1.256322
-2.331733
-4.451869
-5.129624
-3.607148
-1.920016
-1.656609
-1.192107
0.842572
1.086197
2.535146
-0.869752
-1.867012
-4.355450
-1.231072
0.681239
-3.969077
-3.910976
-3.906351
-5.416090
1.793418
-1.690358
0.661381
2.021389
-4.374089
-0.516544
1.000919
-1.603198
0.511724
-4.004503
-0.576595
-1.492932
-4.890162
-1.400444
-0.918083
-0.887793
1.072441
-1.213473
-3.993634
-6.024702
-2.413560
-2.170678
-3.839131
-4.472251
-0.725240
-0.609788
-5.559121
-3.290797
-5.790558
0.184372
-2.479156
-2.054966
-5.345418
-3.537782
-0.855987
-5.200037
-4.147022
0.142150
2.349977
-4.569660
-2.798172
-2.028892
-2.077399
2.035802
2.985471
-6.685023
0.158098
0.572019
1.080037
-1.069936
-1.060233
0.183823
-0.574543
-0.091405
-2.428517
0.827455
-0.181442
-0.443416
-6.120142
-5.298413
-0.457938
-1.698580
-3.203572
-3.115216
-2.770425
-4.117184
-1.772112
5.482870
-0.050442
-4.734105
-1.397138
-5.804875
-0.085428
-0.473815
-3.488843
-1.039426
1.680116
-1.802180
-1.109440
-4.105926
-2.520957
-0.080046
-1.792785
-1.397315
0.919006
-2.127122
-4.612593
-3.786298
-0.500664
-1.889887
-1.063613
-2.971754
-5.545156
0.671713
-5.193945
-1.454676
-3.189657
-5.521832
-3.439394
