# Shape: (128,)
1.040096
1.149790
0.867958
0.965260
0.786764
0.958802
1.092314
1.108320
0.948367
0.825328
0.939326
0.963684
1.038485
0.963858
0.963591
0.944985
0.920242
1.027165
1.106336
0.773794
1.038016
0.970195
1.006087
0.953181
0.705250
1.066907
0.941232
0.800193
1.015324
0.981985
1.052784
1.112400
0.823672
1.086793
0.964816
0.867746
1.128035
0.963544
0.968432
0.914808
0.921726
1.039052
1.048559
1.029090
1.037538
0.873695
1.057481
0.960745
1.035413
0.966626
1.151118
0.973947
0.979340
0.946600
1.056286
1.011597
1.124122
1.089127
0.915068
0.989478
1.195185
1.117744
1.125103
1.085225
1.095376
0.939969
0.853492
0.952775
0.966622
0.996023
0.979696
0.994175
0.942672
0.880343
1.168609
0.970421
0.867191
0.810084
0.851329
0.880350
0.965892
1.021162
0.948500
0.937792
0.937410
0.869931
1.041726
0.933419
0.971803
0.938691
0.853159
1.060173
0.937364
1.118134
1.070826
1.103482
0.746597
0.851987
1.008281
0.771119
1.006601
0.899089
0.971858
1.023091
1.058890
0.842414
1.047839
0.916787
0.980119
1.094767
0.868027
0.821802
1.049264
1.030977
1.078939
1.055367
0.968723
1.236039
1.311457
1.000121
1.013216
0.980270
0.859615
1.047505
0.836393
1.070017
1.093969
1.028767
