# Shape: (128,)
-3.244977
-2.255350
0.026495
3.257442
-4.240124
-4.210313
-4.234863
0.922084
-6.032974
-5.176068
-4.071224
-4.705550
-6.472537
-4.762903
-3.024769
-2.189224
-4.843292
-2.859645
0.936257
-3.048527
-0.815380
-3.200885
-2.082599
-3.538778
-4.360134
-2.747185
1.127481
-3.416017
3.806525
-3.716559
-6.607972
-7.722901
-4.776006
-1.347165
3.464688
-4.720007
-1.672203
-2.780525
-4.194876
-2.553270
-1.596466
0.459240
-6.518522
-3.046297
-0.941879
-4.617599
-1.208349
-5.974551
-0.911703
-3.957939
-4.418027
-3.533208
-0.809831
-1.733436
-4.041832
-2.612997
2.448253
-0.551247
-4.924667
-2.212754
-6.744305
0.850826
6.524461
0.586421
-5.750047
-7.987237
-2.780523
-1.880172
-6.567542
-4.884191
0.300019
-1.914254
3.391656
-5.130645
-4.258844
-5.232367
-7.774829
-0.213653
-7.087959
-2.975313
-4.874271
-4.117956
0.471021
-3.207633
-0.924169
-0.924089
1.326853
-2.999459
0.829769
-1.584717
-4.387455
-3.805116
-2.780495
-2.148829
-3.095805
-6.433240
-3.762531
-2.566954
-5.972163
-2.023697
-3.638092
-4.733052
-3.970017
1.716341
0.882317
-0.664095
-4.850172
-6.813984
-5.251260
-1.661787
-6.210266
-3.763347
-6.952830
-3.310881
-1.721783
1.915085
-2.962620
-4.089143
-2.565133
-1.883584
3.079184
-4.825589
-3.709031
-3.973138
-0.590775
-2.124673
-4.541402
0.191259
