# Shape: (128,)
16.468412
19.528845
21.946779
24.490257
21.717703
31.401459
53.950436
17.058704
24.704399
19.809023
26.626793
17.813749
34.851109
15.409542
26.912231
22.690100
16.899981
16.619823
36.427296
25.850946
18.711969
17.074800
37.539024
18.868652
18.725832
14.787740
15.780516
14.416868
22.275972
18.396595
20.001266
15.972325
15.984493
16.603270
18.090380
16.679930
16.015705
13.799303
14.754344
17.180498
15.207236
22.880922
21.829641
15.407674
17.265409
18.656654
13.034722
16.197092
14.622051
17.922323
15.745181
16.251450
13.502238
17.623499
21.431175
14.299271
21.904785
19.130989
15.411427
18.894009
18.087641
23.787762
28.971298
16.106239
14.356360
17.188025
20.679853
40.558601
17.685406
19.881485
21.828657
20.757553
30.179289
18.650375
21.859852
17.761742
20.194395
19.531853
14.616518
15.920304
21.882738
19.429155
15.676641
15.372808
19.552404
16.660503
28.460358
15.490296
17.237991
21.313084
19.227575
30.266331
19.305508
17.068539
16.948935
16.192099
16.927937
16.731623
19.789665
17.157320
11.592110
16.574287
17.739069
16.321758
16.612606
21.496580
30.075285
40.762764
32.484455
16.399441
23.368708
17.653181
29.876535
18.435568
16.557081
18.502357
17.874725
16.383379
19.316412
19.366385
20.647408
19.216438
23.207489
14.959817
17.795013
22.178511
21.303406
18.985546
