# Shape: (128,)
-0.407347
-0.262892
-0.064044
-0.176687
-0.140246
-0.007685
0.066468
-0.217625
0.139014
-0.145285
-0.218977
-0.186124
0.053978
-0.298890
-0.143362
-0.118007
-0.221817
-0.215584
-0.026805
-0.046475
-0.140808
-0.143530
0.025391
-0.318137
-0.276225
-0.251040
-0.346334
-0.447689
-0.125630
-0.264167
-0.273036
-0.235234
-0.207814
-0.319869
-0.350726
-0.201910
-0.274775
-0.262590
-0.109281
-0.262976
-0.162634
-0.149584
-0.328534
-0.243268
-0.139809
-0.160104
-0.332119
-0.288754
-0.488837
-0.241382
-0.287159
-0.415631
-0.276032
-0.100078
-0.154848
-0.418794
-0.252948
-0.138317
-0.264752
-0.182531
-0.257832
-0.172425
-0.078378
-0.263441
-0.327429
-0.099808
-0.065923
0.070885
-0.210683
-0.253808
-0.219158
-0.100554
-0.041391
-0.369325
-0.083067
-0.248783
-0.227580
-0.232807
-0.429693
-0.318751
-0.104530
-0.221648
-0.243467
-0.180969
-0.247965
-0.202329
-0.170375
-0.254225
-0.338001
-0.279570
-0.331023
-0.018122
-0.281391
-0.140415
-0.475604
-0.332156
-0.148072
-0.230578
-0.203988
-0.248574
-0.199735
-0.333400
-0.450658
-0.298956
-0.309026
-0.103845
-0.169502
0.015309
0.002290
-0.331713
-0.257535
-0.166633
-0.051524
-0.389355
-0.086955
-0.265869
-0.196107
-0.127405
-0.199268
-0.156932
-0.105468
-0.295685
-0.008220
-0.255253
-0.399201
0.007382
-0.133635
-0.161127
