# Shape: (128,)
1.308990
1.015222
1.258811
1.284652
1.077602
1.276515
1.904914
1.265965
1.448738
1.173830
1.264978
1.015758
1.475395
1.035585
1.263263
1.243897
0.974970
1.387300
1.527536
1.327123
0.949301
1.079319
1.617536
0.924612
1.213145
1.080019
1.119003
1.079021
1.160454
1.084594
1.023707
1.155062
1.091489
1.097790
1.070746
1.067396
1.103759
1.110344
1.115044
1.165435
1.259577
1.134541
1.191916
0.964012
1.132534
1.118499
1.113510
1.097120
1.143245
1.172974
1.150754
0.944991
1.004172
1.045326
1.133660
1.133194
1.328504
0.949405
1.221597
1.071115
0.935073
1.122775
1.111657
1.104783
1.112705
1.083634
1.169911
1.590861
1.063672
0.927097
1.174790
1.062757
1.312082
1.075431
0.998409
1.211235
1.167751
1.268985
1.160802
1.027098
1.124488
1.124210
1.275391
1.122711
1.320568
1.155750
1.476912
1.167431
0.993939
1.173075
1.129283
1.419420
1.225531
1.092007
1.107020
1.117236
1.061288
1.137061
1.361138
1.104903
1.103873
1.040343
1.173265
1.223109
1.073158
1.308833
1.404064
1.751640
1.369545
1.178457
1.334835
1.350444
1.175294
1.130579
1.250773
1.239120
1.115735
1.260133
1.093395
1.307647
1.136253
1.081272
1.296643
1.029149
1.200625
1.222626
1.157352
1.222461
