# Shape: (64,)
1.068271
1.003265
0.961956
0.962165
0.944713
1.224835
0.953310
1.160556
0.965062
1.050863
0.964661
0.983768
1.167083
0.896341
1.055655
1.029793
0.970040
1.380869
0.794992
1.087159
1.220870
1.112652
0.747399
1.088287
0.779999
0.886153
0.782348
1.246603
1.209086
1.206519
0.800176
0.840866
1.224246
0.821756
0.790135
1.145405
1.083723
0.866271
1.079426
0.838730
0.613381
1.010051
1.071324
1.153646
0.988667
0.923755
1.265306
1.078913
1.122101
1.117504
1.015080
1.140206
0.993544
1.030481
0.945786
0.974827
1.224901
0.820508
1.018113
0.974293
0.994480
0.863923
0.927085
0.978085
