# Shape: (64,)
-0.910115
-2.772768
-4.120004
1.217597
-3.208630
-2.797867
-0.295629
-5.323447
-1.961553
-3.541813
-1.445796
-3.055989
-3.792904
-2.158219
-1.244382
-1.945493
-4.445686
-5.558528
-2.703745
-1.876688
-2.244709
-2.535143
-2.303978
-4.241387
-0.386481
-1.289465
-2.121137
-4.377003
-2.222708
-3.882471
-1.583529
-1.464931
-4.470460
-1.884961
-1.177400
-5.661994
-3.923682
-4.979812
-1.937832
2.403359
4.045149
-1.697136
-1.814020
-4.145151
-1.278273
-1.154034
-2.741568
-3.075115
-4.865079
-2.903252
-2.458460
-4.298002
-1.983596
-2.848311
-2.909136
-1.801913
-4.705266
0.217960
-3.282764
-2.080859
-0.285581
-1.365113
-0.392602
-0.754125
