# Shape: (64,)
11.628028
15.806537
27.356678
8.232984
14.398244
14.561002
8.144818
21.136324
10.333763
16.404795
8.196451
15.490246
17.825619
12.265774
13.013803
9.453995
13.205394
19.489557
10.288789
19.847498
24.638340
17.329195
13.339867
16.396336
14.496888
9.062996
10.240962
15.950224
10.783391
21.938433
8.016284
14.711463
21.308849
17.385908
9.985331
19.682350
18.617630
15.220232
10.947016
15.978022
16.965549
12.878072
11.441654
15.251286
17.635733
10.996401
24.023886
15.917093
16.800035
11.792565
10.697762
16.829460
14.811834
15.965147
14.467313
20.535835
33.681557
19.082291
19.439196
11.580770
13.166260
14.083456
10.838529
16.276337
