# Shape: (64,)
-0.271374
-0.446675
-0.050578
-0.268450
-0.157144
-0.049974
-0.409451
-0.251113
-0.330305
-0.016771
-0.143651
-0.218500
-0.214327
-0.225281
-0.001623
-0.150191
-0.165222
-0.315010
-0.065407
-0.336989
-0.229648
-0.324444
-0.273453
-0.157288
-0.323236
-0.418426
-0.078419
-0.044624
-0.369883
0.003158
-0.083546
-0.346156
-0.162590
-0.305122
-0.081271
-0.164866
-0.336065
-0.409080
-0.256598
-0.333723
-0.043766
-0.333193
-0.305222
-0.423400
-0.261795
-0.074361
-0.011816
-0.288063
-0.342021
0.026802
-0.005284
-0.277445
-0.268582
-0.224685
-0.237959
-0.133546
-0.194907
-0.362660
-0.312147
-0.351108
-0.326546
-0.103942
-0.157322
-0.270205
