# Shape: (64,)
0.013032
0.252336
0.706862
-0.676039
0.641560
0.845843
-0.311476
1.092342
0.257615
0.903313
0.344252
0.545829
0.834397
0.327232
0.361648
0.502711
1.020350
1.423686
0.604696
0.120645
0.322688
0.352654
0.198436
0.981565
-0.244901
-0.038992
0.440235
1.320671
0.448117
1.000963
0.363741
-0.025052
1.022217
0.066240
0.211807
1.296133
0.649535
0.697196
0.374568
-0.838016
-0.645888
0.143707
0.269284
0.800727
0.038779
0.247008
0.695200
0.543402
0.990118
0.971486
0.755284
0.917859
0.244041
0.510738
0.485684
0.254116
0.797276
-0.403262
0.445740
0.244066
-0.248593
0.210359
-0.046751
-0.087289
