# Shape: (64,)
-0.002234
-0.002640
-0.001565
0.002032
-0.000470
-0.006917
-0.002304
-0.001359
-0.003100
0.004523
0.002302
0.001961
0.001064
0.000690
-0.002935
0.004030
-0.004181
0.000301
0.000101
-0.001313
0.000974
-0.001803
0.002131
-0.003875
-0.004081
-0.000361
0.000489
-0.002836
-0.000967
-0.008788
-0.000774
-0.000189
-0.002916
-0.000591
-0.005245
-0.002984
0.000564
0.002541
-0.003111
-0.000090
0.001706
-0.002692
-0.000022
-0.001135
-0.001507
-0.000337
-0.002742
-0.000414
0.001076
-0.000164
-0.007681
0.002740
0.002180
0.003348
0.001182
0.000243
-0.004234
0.001793
-0.000612
-0.001920
-0.001146
0.000224
0.000071
0.000387
