# Shape: (64,)
-0.000651
-0.002201
0.002164
0.000197
-0.001058
0.001549
-0.000741
-0.001872
-0.000086
-0.001433
-0.001047
0.000883
-0.000371
0.000071
0.000834
-0.001496
0.000225
-0.000331
-0.000888
-0.004148
0.000684
-0.001575
-0.000673
-0.003186
0.000416
0.003736
0.003623
0.000056
-0.001822
0.002026
-0.001666
0.005376
0.003145
0.001278
0.006312
-0.001327
0.002924
-0.003410
-0.000426
0.003557
0.003008
-0.001319
-0.000729
0.001634
-0.001101
-0.001115
-0.002645
-0.001766
0.000856
-0.000746
-0.000619
0.001005
-0.000365
-0.002928
0.000849
-0.000209
-0.000853
-0.003371
0.002477
-0.001921
0.001204
-0.003213
0.003887
-0.002785
