# Shape: (64,)
0.553611
0.644897
0.530099
0.813647
1.488093
0.941926
0.447878
-0.262677
1.774287
-0.297042
0.849329
-0.063665
0.163715
-0.457540
-0.172507
-0.511670
1.306482
1.348366
1.173413
0.187659
-0.164600
-0.489830
0.708836
0.601170
0.818496
-0.071334
-0.044561
0.487207
1.686124
1.993895
1.372409
0.391622
1.896799
0.977297
1.074023
-1.212450
-0.194319
0.574648
1.035845
-0.341027
0.279814
0.565075
0.165909
1.042883
-0.133577
-0.102076
0.688687
0.864727
-2.000107
0.919844
-0.439941
-0.556180
0.341451
1.569462
0.995294
0.194944
1.468776
0.264843
0.883638
0.524906
0.938771
0.450079
0.312094
1.052440
