# Shape: (64,)
-3.777451
-3.279177
-3.371629
-4.346434
-8.004867
-5.334149
-2.931685
-0.285300
-9.209797
-0.525763
-4.834362
-1.524367
-1.206784
-0.256158
-0.169808
-0.614249
-6.325608
-6.983739
-5.419939
-2.020743
-0.774174
-1.408072
-4.247610
-3.600798
-4.068181
-2.013860
-1.510317
-2.914161
-7.483372
-6.985356
-5.920375
-3.203671
-8.026002
-4.836851
-6.171625
1.745262
-0.142689
-4.562953
-6.380430
-0.955064
-1.883681
-3.589305
-2.960226
-5.559912
-1.008714
-1.641638
-3.744398
-4.973555
6.830559
-5.360285
-0.427666
0.277709
-2.262727
-6.431610
-6.627559
-2.291098
-7.449405
-2.328943
-4.518462
-3.969641
-5.184001
-3.132817
-2.743593
-5.965918
