# Shape: (64,)
0.814192
0.922697
0.946936
0.902178
0.865065
0.807961
0.948470
1.001975
0.988157
1.014168
1.001062
0.816378
0.856365
0.963210
0.959575
1.113849
0.985944
0.986754
1.022072
0.953029
0.862374
0.999331
0.946224
0.860382
0.959019
1.199365
0.952113
0.909563
0.974401
1.064203
1.045399
0.955932
1.055872
1.010580
0.977795
0.972986
0.863024
0.853860
0.968573
0.937367
0.916323
1.027819
1.060839
1.032782
0.934751
0.901538
1.011713
0.979201
1.126207
0.819669
0.931297
0.936095
0.927877
1.094936
0.933708
1.041929
0.975540
0.869192
0.952255
0.947851
0.906729
0.929668
0.929532
0.939562
