# Shape: (64,)
-0.350357
-0.249636
-0.364767
-0.279854
-0.319212
-0.348256
-0.335147
-0.347551
-0.240194
-0.429856
-0.578499
-0.433820
-0.130821
-0.527820
-0.219299
-0.731620
-0.291366
-0.326895
-0.191776
-0.385043
-0.345718
-0.932940
-0.587070
-0.296884
-0.374758
-0.706797
-0.483953
-0.315470
-0.343446
0.011000
-0.469490
-0.559074
-0.329724
-0.446925
-0.493339
-0.663119
-0.225485
-0.636925
-0.495507
-0.576866
-0.271174
-0.534346
-0.848472
-0.594845
-0.424462
-0.490915
-0.562282
-0.475951
-0.278974
-0.302110
-0.570785
-0.480095
-0.306760
-0.403135
-0.547683
-0.446188
-0.516340
-0.358595
-0.271431
-0.459446
-0.368407
-0.366784
-0.411770
-0.325448
