# Shape: (64,)
11.570643
11.424421
12.744647
12.859329
14.675689
11.164054
12.603077
11.194722
20.407820
16.029270
11.482118
11.315143
12.302589
12.331039
12.244741
9.627858
15.234945
16.918518
16.458788
11.260406
13.610723
10.060715
9.614949
11.878700
10.691472
14.499741
10.760900
10.904051
12.900808
14.062015
11.283617
10.410710
14.496949
11.784307
14.853024
9.569306
16.258110
10.324623
16.282827
14.516131
9.843933
11.250398
9.578278
12.299561
10.483264
14.466473
9.156406
13.185227
19.970531
12.923757
9.237947
11.588883
10.486529
12.732393
16.087725
13.859821
13.397674
10.511467
13.890472
14.595912
12.935507
12.685334
12.446571
16.532795
